# timestamp tx ty tz qx qy qz qw
0.0000 0.0000 0.0000 1.8000 0.0000 0.0000 0.4848 0.8746
0.0334 0.0653 0.1045 1.8056 -0.0031 -0.0011 0.4847 0.8747
0.0668 0.1306 0.2088 1.8112 -0.0062 -0.0023 0.4844 0.8748
0.1002 0.1958 0.3128 1.8168 -0.0093 -0.0034 0.4838 0.8751
0.1336 0.2610 0.4164 1.8224 -0.0124 -0.0045 0.4831 0.8755
0.1670 0.3260 0.5194 1.8279 -0.0154 -0.0056 0.4821 0.8759
0.2004 0.3910 0.6217 1.8335 -0.0185 -0.0067 0.4810 0.8765
0.2339 0.4558 0.7231 1.8391 -0.0215 -0.0077 0.4796 0.8772
0.2673 0.5205 0.8235 1.8446 -0.0245 -0.0087 0.4779 0.8780
0.3007 0.5850 0.9228 1.8501 -0.0275 -0.0097 0.4761 0.8789
0.3341 0.6493 1.0208 1.8557 -0.0304 -0.0106 0.4739 0.8800
0.3675 0.7133 1.1173 1.8611 -0.0333 -0.0115 0.4715 0.8811
0.4009 0.7771 1.2124 1.8666 -0.0362 -0.0124 0.4689 0.8824
0.4343 0.8407 1.3057 1.8721 -0.0391 -0.0132 0.4659 0.8839
0.4677 0.9039 1.3972 1.8775 -0.0419 -0.0139 0.4626 0.8855
0.5011 0.9668 1.4867 1.8829 -0.0446 -0.0146 0.4590 0.8872
0.5345 1.0294 1.5742 1.8882 -0.0474 -0.0152 0.4550 0.8891
0.5679 1.0916 1.6595 1.8936 -0.0500 -0.0157 0.4506 0.8912
0.6013 1.1535 1.7425 1.8989 -0.0526 -0.0162 0.4459 0.8934
0.6347 1.2150 1.8230 1.9041 -0.0552 -0.0166 0.4407 0.8958
0.6682 1.2760 1.9011 1.9094 -0.0577 -0.0168 0.4349 0.8984
0.7016 1.3366 1.9764 1.9146 -0.0601 -0.0170 0.4287 0.9013
0.7350 1.3967 2.0491 1.9197 -0.0625 -0.0171 0.4219 0.9043
0.7684 1.4563 2.1188 1.9248 -0.0648 -0.0171 0.4144 0.9076
0.8018 1.5154 2.1856 1.9299 -0.0670 -0.0169 0.4063 0.9111
0.8352 1.5740 2.2494 1.9349 -0.0692 -0.0166 0.3973 0.9149
0.8686 1.6321 2.3100 1.9399 -0.0713 -0.0162 0.3875 0.9190
0.9020 1.6896 2.3675 1.9448 -0.0733 -0.0156 0.3768 0.9233
0.9354 1.7465 2.4216 1.9497 -0.0752 -0.0149 0.3650 0.9279
0.9688 1.8027 2.4724 1.9545 -0.0770 -0.0140 0.3520 0.9327
1.0022 1.8584 2.5197 1.9593 -0.0788 -0.0129 0.3377 0.9379
1.0356 1.9134 2.5635 1.9640 -0.0804 -0.0116 0.3219 0.9433
1.0690 1.9678 2.6037 1.9687 -0.0819 -0.0101 0.3045 0.9489
1.1024 2.0214 2.6403 1.9733 -0.0833 -0.0084 0.2853 0.9548
1.1359 2.0744 2.6733 1.9778 -0.0846 -0.0064 0.2640 0.9608
1.1693 2.1266 2.7025 1.9823 -0.0857 -0.0042 0.2406 0.9668
1.2027 2.1781 2.7279 1.9867 -0.0866 -0.0017 0.2148 0.9728
1.2361 2.2288 2.7496 1.9910 -0.0874 0.0011 0.1865 0.9786
1.2695 2.2788 2.7674 1.9953 -0.0879 0.0042 0.1555 0.9839
1.3029 2.3280 2.7814 1.9995 -0.0882 0.0075 0.1218 0.9886
1.3363 2.3763 2.7915 2.0037 -0.0882 0.0111 0.0854 0.9924
1.3697 2.4239 2.7977 2.0078 -0.0879 0.0149 0.0466 0.9949
1.4031 2.4705 2.8000 2.0118 -0.0873 0.0188 0.0056 0.9960
1.4365 2.5164 2.7984 2.0157 -0.0863 0.0229 -0.0370 0.9953
1.4699 2.5613 2.7929 2.0195 -0.0851 0.0270 -0.0805 0.9928
1.5033 2.6054 2.7835 2.0233 -0.0834 0.0310 -0.1243 0.9882
1.5367 2.6485 2.7703 2.0270 -0.0815 0.0349 -0.1675 0.9819
1.5702 2.6908 2.7532 2.0306 -0.0794 0.0386 -0.2095 0.9738
1.6036 2.7320 2.7323 2.0342 -0.0770 0.0420 -0.2496 0.9644
1.6370 2.7724 2.7075 2.0376 -0.0745 0.0451 -0.2874 0.9538
1.6704 2.8118 2.6790 2.0410 -0.0718 0.0478 -0.3226 0.9426
1.7038 2.8502 2.6468 2.0443 -0.0690 0.0502 -0.3551 0.9309
1.7372 2.8876 2.6109 2.0475 -0.0663 0.0522 -0.3849 0.9191
1.7706 2.9240 2.5713 2.0506 -0.0634 0.0539 -0.4120 0.9074
1.8040 2.9593 2.5282 2.0537 -0.0606 0.0553 -0.4366 0.8959
1.8374 2.9937 2.4815 2.0566 -0.0578 0.0564 -0.4590 0.8848
1.8708 3.0270 2.4314 2.0595 -0.0550 0.0572 -0.4793 0.8741
1.9042 3.0593 2.3779 2.0622 -0.0522 0.0577 -0.4977 0.8639
1.9376 3.0904 2.3211 2.0649 -0.0494 0.0580 -0.5144 0.8541
1.9710 3.1206 2.2610 2.0675 -0.0467 0.0581 -0.5297 0.8449
2.0045 3.1496 2.1978 2.0700 -0.0440 0.0579 -0.5436 0.8362
2.0379 3.1775 2.1316 2.0724 -0.0412 0.0576 -0.5564 0.8279
2.0713 3.2043 2.0624 2.0747 -0.0385 0.0572 -0.5681 0.8201
2.1047 3.2301 1.9903 2.0769 -0.0358 0.0565 -0.5789 0.8126
2.1381 3.2546 1.9154 2.0790 -0.0332 0.0557 -0.5889 0.8056
2.1715 3.2781 1.8379 2.0810 -0.0305 0.0548 -0.5982 0.7989
2.2049 3.3004 1.7578 2.0829 -0.0278 0.0537 -0.6068 0.7926
2.2383 3.3216 1.6752 2.0847 -0.0251 0.0526 -0.6148 0.7865
2.2717 3.3416 1.5904 2.0864 -0.0225 0.0513 -0.6224 0.7807
2.3051 3.3604 1.5033 2.0880 -0.0198 0.0499 -0.6295 0.7752
2.3385 3.3781 1.4141 2.0896 -0.0172 0.0484 -0.6362 0.7698
2.3719 3.3946 1.3230 2.0910 -0.0145 0.0468 -0.6425 0.7647
2.4053 3.4099 1.2300 2.0923 -0.0119 0.0451 -0.6485 0.7598
2.4388 3.4240 1.1353 2.0935 -0.0092 0.0434 -0.6543 0.7550
2.4722 3.4370 1.0390 2.0946 -0.0066 0.0415 -0.6598 0.7503
2.5056 3.4487 0.9413 2.0956 -0.0040 0.0396 -0.6650 0.7458
2.5390 3.4592 0.8422 2.0965 -0.0014 0.0376 -0.6701 0.7413
2.5724 3.4686 0.7420 2.0973 0.0012 0.0356 -0.6750 0.7370
2.6058 3.4767 0.6408 2.0980 0.0038 0.0335 -0.6797 0.7327
2.6392 3.4836 0.5386 2.0986 0.0064 0.0313 -0.6844 0.7284
2.6726 3.4893 0.4358 2.0991 0.0089 0.0291 -0.6889 0.7243
2.7060 3.4938 0.3323 2.0995 0.0114 0.0268 -0.6933 0.7201
2.7394 3.4971 0.2283 2.0998 0.0139 0.0245 -0.6976 0.7159
2.7728 3.4991 0.1240 2.0999 0.0164 0.0221 -0.7018 0.7118
2.8062 3.5000 0.0196 2.1000 0.0188 0.0197 -0.7061 0.7076
2.8396 3.4996 -0.0849 2.1000 0.0212 0.0173 -0.7102 0.7034
2.8731 3.4980 -0.1892 2.0998 0.0236 0.0149 -0.7144 0.6992
2.9065 3.4952 -0.2933 2.0996 0.0259 0.0124 -0.7185 0.6949
2.9399 3.4911 -0.3970 2.0992 0.0282 0.0099 -0.7227 0.6905
2.9733 3.4859 -0.5001 2.0988 0.0305 0.0073 -0.7269 0.6861
3.0067 3.4794 -0.6026 2.0982 0.0327 0.0048 -0.7311 0.6815
3.0401 3.4718 -0.7042 2.0976 0.0348 0.0022 -0.7353 0.6768
3.0735 3.4629 -0.8048 2.0968 0.0369 -0.0004 -0.7397 0.6720
3.1069 3.4528 -0.9043 2.0960 0.0389 -0.0030 -0.7441 0.6670
3.1403 3.4415 -1.0025 2.0950 0.0408 -0.0056 -0.7486 0.6618
3.1737 3.4290 -1.0994 2.0939 0.0427 -0.0082 -0.7532 0.6564
3.2071 3.4153 -1.1947 2.0927 0.0445 -0.0109 -0.7579 0.6507
3.2405 3.4005 -1.2883 2.0915 0.0462 -0.0135 -0.7628 0.6448
3.2739 3.3844 -1.3802 2.0901 0.0478 -0.0162 -0.7679 0.6386
3.3073 3.3672 -1.4701 2.0886 0.0493 -0.0188 -0.7731 0.6320
3.3408 3.3488 -1.5580 2.0870 0.0508 -0.0215 -0.7786 0.6251
3.3742 3.3292 -1.6437 2.0854 0.0521 -0.0241 -0.7843 0.6177
3.4076 3.3085 -1.7271 2.0836 0.0533 -0.0268 -0.7903 0.6099
3.4410 3.2866 -1.8081 2.0817 0.0544 -0.0295 -0.7965 0.6015
3.4744 3.2636 -1.8866 2.0797 0.0554 -0.0322 -0.8031 0.5924
3.5078 3.2394 -1.9625 2.0777 0.0562 -0.0348 -0.8100 0.5827
3.5412 3.2141 -2.0357 2.0755 0.0569 -0.0375 -0.8172 0.5723
3.5746 3.1877 -2.1060 2.0732 0.0575 -0.0402 -0.8249 0.5609
3.6080 3.1602 -2.1733 2.0709 0.0578 -0.0429 -0.8330 0.5485
3.6414 3.1316 -2.2377 2.0684 0.0580 -0.0457 -0.8416 0.5351
3.6748 3.1019 -2.2989 2.0659 0.0580 -0.0484 -0.8506 0.5203
3.7082 3.0711 -2.3570 2.0632 0.0578 -0.0512 -0.8601 0.5042
3.7416 3.0392 -2.4117 2.0605 0.0574 -0.0540 -0.8702 0.4864
3.7751 3.0063 -2.4631 2.0577 0.0567 -0.0567 -0.8807 0.4668
3.8085 2.9723 -2.5111 2.0548 0.0557 -0.0596 -0.8917 0.4453
3.8419 2.9373 -2.5555 2.0518 0.0545 -0.0624 -0.9030 0.4215
3.8753 2.9013 -2.5964 2.0487 0.0529 -0.0652 -0.9147 0.3953
3.9087 2.8643 -2.6337 2.0455 0.0510 -0.0680 -0.9265 0.3666
3.9421 2.8263 -2.6674 2.0423 0.0488 -0.0708 -0.9382 0.3351
3.9755 2.7873 -2.6973 2.0389 0.0462 -0.0735 -0.9497 0.3009
4.0089 2.7473 -2.7234 2.0355 0.0432 -0.0761 -0.9605 0.2641
4.0423 2.7063 -2.7458 2.0320 0.0399 -0.0785 -0.9704 0.2248
4.0757 2.6645 -2.7643 2.0284 0.0363 -0.0808 -0.9790 0.1835
4.1091 2.6217 -2.7790 2.0247 0.0325 -0.0828 -0.9861 0.1406
4.1425 2.5779 -2.7899 2.0210 0.0285 -0.0845 -0.9913 0.0969
4.1759 2.5333 -2.7968 2.0171 0.0245 -0.0859 -0.9946 0.0532
4.2094 2.4878 -2.7998 2.0132 0.0204 -0.0870 -0.9960 0.0102
4.2428 2.4415 -2.7990 2.0093 -0.0163 0.0877 0.9955 0.0314
4.2762 2.3942 -2.7942 2.0052 -0.0125 0.0881 0.9935 0.0711
4.3096 2.3462 -2.7856 2.0011 -0.0088 0.0882 0.9901 0.1085
4.3430 2.2973 -2.7731 1.9969 -0.0054 0.0880 0.9858 0.1432
4.3764 2.2477 -2.7567 1.9927 -0.0022 0.0876 0.9806 0.1752
4.4098 2.1972 -2.7365 1.9883 0.0007 0.0869 0.9750 0.2045
4.4432 2.1460 -2.7125 1.9839 0.0033 0.0861 0.9691 0.2312
4.4766 2.0941 -2.6846 1.9795 0.0056 0.0850 0.9630 0.2555
4.5100 2.0414 -2.6531 1.9750 0.0077 0.0838 0.9570 0.2776
4.5434 1.9880 -2.6179 1.9704 0.0095 0.0825 0.9511 0.2975
4.5768 1.9339 -2.5790 1.9658 0.0111 0.0810 0.9454 0.3156
4.6102 1.8791 -2.5365 1.9611 0.0125 0.0794 0.9399 0.3319
4.6437 1.8237 -2.4905 1.9563 0.0136 0.0777 0.9346 0.3468
4.6771 1.7676 -2.4410 1.9515 0.0146 0.0759 0.9296 0.3602
4.7105 1.7110 -2.3882 1.9467 0.0154 0.0740 0.9250 0.3725
4.7439 1.6537 -2.3320 1.9417 0.0160 0.0720 0.9205 0.3836
4.7773 1.5959 -2.2725 1.9368 0.0165 0.0700 0.9164 0.3938
4.8107 1.5375 -2.2099 1.9318 0.0168 0.0678 0.9125 0.4030
4.8441 1.4785 -2.1442 1.9267 0.0170 0.0656 0.9089 0.4115
4.8775 1.4191 -2.0756 1.9216 0.0171 0.0634 0.9055 0.4192
4.9109 1.3592 -2.0040 1.9165 0.0171 0.0610 0.9024 0.4262
4.9443 1.2988 -1.9296 1.9113 0.0169 0.0586 0.8995 0.4327
4.9777 1.2379 -1.8526 1.9061 0.0167 0.0561 0.8968 0.4386
5.0111 1.1766 -1.7730 1.9009 0.0163 0.0536 0.8943 0.4440
5.0445 1.1149 -1.6909 1.8956 0.0159 0.0510 0.8920 0.4489
5.0780 1.0528 -1.6065 1.8902 0.0154 0.0484 0.8899 0.4534
5.1114 0.9903 -1.5198 1.8849 0.0148 0.0457 0.8879 0.4575
5.1448 0.9275 -1.4310 1.8795 0.0142 0.0429 0.8861 0.4613
5.1782 0.8644 -1.3402 1.8741 0.0135 0.0401 0.8845 0.4647
5.2116 0.8010 -1.2476 1.8687 0.0127 0.0373 0.8830 0.4678
5.2450 0.7373 -1.1532 1.8632 0.0119 0.0344 0.8816 0.4706
5.2784 0.6733 -1.0572 1.8577 0.0110 0.0315 0.8804 0.4731
5.3118 0.6091 -0.9597 1.8522 0.0101 0.0286 0.8793 0.4753
5.3452 0.5447 -0.8609 1.8467 0.0091 0.0256 0.8783 0.4773
5.3786 0.4801 -0.7609 1.8412 0.0081 0.0226 0.8775 0.4790
5.4120 0.4153 -0.6598 1.8356 0.0070 0.0196 0.8768 0.4805
5.4454 0.3504 -0.5579 1.8300 0.0060 0.0166 0.8761 0.4817
5.4788 0.2854 -0.4551 1.8245 0.0049 0.0135 0.8756 0.4828
5.5122 0.2203 -0.3517 1.8189 0.0038 0.0104 0.8752 0.4836
5.5457 0.1550 -0.2478 1.8133 0.0027 0.0073 0.8749 0.4842
5.5791 0.0898 -0.1436 1.8077 0.0016 0.0043 0.8747 0.4846
5.6125 0.0245 -0.0392 1.8021 0.0004 0.0012 0.8746 0.4848
5.6459 -0.0408 0.0653 1.7965 -0.0007 -0.0019 0.8747 0.4847
5.6793 -0.1061 0.1697 1.7909 -0.0018 -0.0050 0.8748 0.4845
5.7127 -0.1714 0.2738 1.7853 -0.0030 -0.0081 0.8750 0.4841
5.7461 -0.2365 0.3776 1.7797 -0.0041 -0.0112 0.8753 0.4834
5.7795 -0.3017 0.4809 1.7741 -0.0052 -0.0143 0.8757 0.4825
5.8129 -0.3667 0.5834 1.7686 -0.0063 -0.0173 0.8763 0.4814
5.8463 -0.4315 0.6852 1.7630 -0.0073 -0.0204 0.8769 0.4801
5.8797 -0.4963 0.7860 1.7575 -0.0083 -0.0234 0.8777 0.4786
5.9131 -0.5608 0.8857 1.7519 -0.0093 -0.0264 0.8786 0.4768
5.9465 -0.6252 0.9842 1.7464 -0.0103 -0.0293 0.8796 0.4748
5.9800 -0.6893 1.0813 1.7409 -0.0112 -0.0323 0.8807 0.4725
6.0134 -0.7532 1.1769 1.7354 -0.0121 -0.0352 0.8819 0.4699
6.0468 -0.8169 1.2709 1.7300 -0.0129 -0.0380 0.8833 0.4670
6.0802 -0.8802 1.3631 1.7246 -0.0136 -0.0408 0.8849 0.4639
6.1136 -0.9433 1.4534 1.7191 -0.0143 -0.0436 0.8865 0.4604
6.1470 -1.0060 1.5417 1.7138 -0.0150 -0.0463 0.8884 0.4565
6.1804 -1.0684 1.6278 1.7084 -0.0155 -0.0490 0.8904 0.4523
6.2138 -1.1304 1.7116 1.7031 -0.0160 -0.0517 0.8925 0.4477
6.2472 -1.1920 1.7931 1.6978 -0.0164 -0.0542 0.8949 0.4427
6.2806 -1.2531 1.8721 1.6926 -0.0168 -0.0567 0.8974 0.4371
6.3140 -1.3139 1.9485 1.6874 -0.0170 -0.0592 0.9002 0.4311
6.3474 -1.3742 2.0221 1.6822 -0.0171 -0.0616 0.9032 0.4245
6.3808 -1.4340 2.0930 1.6771 -0.0171 -0.0639 0.9064 0.4173
6.4143 -1.4933 2.1609 1.6720 -0.0170 -0.0662 0.9098 0.4094
6.4477 -1.5521 2.2259 1.6670 -0.0168 -0.0684 0.9135 0.4008
6.4811 -1.6104 2.2877 1.6620 -0.0164 -0.0705 0.9174 0.3913
6.5145 -1.6681 2.3463 1.6570 -0.0159 -0.0725 0.9216 0.3809
6.5479 -1.7252 2.4017 1.6521 -0.0152 -0.0745 0.9261 0.3695
6.5813 -1.7817 2.4537 1.6473 -0.0144 -0.0764 0.9309 0.3570
6.6147 -1.8376 2.5023 1.6425 -0.0133 -0.0781 0.9359 0.3432
6.6481 -1.8929 2.5475 1.6378 -0.0121 -0.0798 0.9412 0.3280
6.6815 -1.9475 2.5890 1.6331 -0.0107 -0.0814 0.9468 0.3112
6.7149 -2.0014 2.6270 1.6285 -0.0091 -0.0828 0.9526 0.2927
6.7483 -2.0546 2.6613 1.6239 -0.0072 -0.0841 0.9585 0.2723
6.7817 -2.1071 2.6920 1.6194 -0.0050 -0.0853 0.9646 0.2497
6.8151 -2.1589 2.7188 1.6150 -0.0026 -0.0863 0.9706 0.2248
6.8486 -2.2099 2.7419 1.6106 0.0000 -0.0871 0.9764 0.1974
6.8820 -2.2602 2.7612 1.6063 0.0030 -0.0877 0.9820 0.1674
6.9154 -2.3096 2.7766 1.6020 0.0062 -0.0881 0.9869 0.1347
6.9488 -2.3583 2.7881 1.5979 0.0097 -0.0882 0.9911 0.0994
6.9822 -2.4061 2.7958 1.5938 0.0134 -0.0880 0.9941 0.0614
7.0156 -2.4531 2.7996 1.5897 0.0173 -0.0876 0.9958 0.0212
7.0490 -2.4993 2.7994 1.5858 -0.0214 0.0867 -0.9958 0.0208
7.0824 -2.5446 2.7954 1.5819 -0.0255 0.0856 -0.9939 0.0641
7.1158 -2.5890 2.7875 1.5781 -0.0295 0.0841 -0.9902 0.1079
7.1492 -2.6324 2.7757 1.5744 -0.0335 0.0823 -0.9845 0.1514
7.1826 -2.6750 2.7601 1.5707 -0.0373 0.0802 -0.9770 0.1940
7.2160 -2.7167 2.7406 1.5671 -0.0408 0.0779 -0.9681 0.2348
7.2494 -2.7574 2.7172 1.5637 -0.0440 0.0754 -0.9579 0.2735
7.2829 -2.7971 2.6901 1.5602 -0.0468 0.0728 -0.9469 0.3097
7.3163 -2.8359 2.6593 1.5569 -0.0494 0.0701 -0.9353 0.3432
7.3497 -2.8736 2.6248 1.5537 -0.0515 0.0673 -0.9235 0.3740
7.3831 -2.9104 2.5866 1.5505 -0.0533 0.0645 -0.9118 0.4021
7.4165 -2.9462 2.5447 1.5475 -0.0548 0.0617 -0.9002 0.4277
7.4499 -2.9809 2.4994 1.5445 -0.0560 0.0589 -0.8889 0.4509
7.4833 -3.0146 2.4506 1.5416 -0.0569 0.0560 -0.8780 0.4719
7.5167 -3.0473 2.3983 1.5388 -0.0575 0.0533 -0.8676 0.4910
7.5501 -3.0789 2.3427 1.5361 -0.0579 0.0505 -0.8577 0.5084
7.5835 -3.1094 2.2839 1.5335 -0.0581 0.0477 -0.8483 0.5241
7.6169 -3.1388 2.2219 1.5310 -0.0580 0.0450 -0.8394 0.5386
7.6503 -3.1672 2.1568 1.5285 -0.0578 0.0423 -0.8309 0.5517
7.6837 -3.1944 2.0887 1.5262 -0.0574 0.0396 -0.8229 0.5638
7.7171 -3.2205 2.0176 1.5240 -0.0568 0.0369 -0.8154 0.5750
7.7506 -3.2456 1.9438 1.5218 -0.0560 0.0342 -0.8082 0.5852
7.7840 -3.2694 1.8672 1.5198 -0.0552 0.0315 -0.8014 0.5948
7.8174 -3.2922 1.7881 1.5178 -0.0542 0.0288 -0.7949 0.6036
7.8508 -3.3138 1.7065 1.5160 -0.0530 0.0261 -0.7887 0.6119
7.8842 -3.3342 1.6225 1.5142 -0.0518 0.0235 -0.7829 0.6196
7.9176 -3.3535 1.5362 1.5126 -0.0504 0.0208 -0.7772 0.6269
7.9510 -3.3716 1.4478 1.5110 -0.0490 0.0182 -0.7718 0.6337
7.9844 -3.3885 1.3574 1.5096 -0.0474 0.0155 -0.7666 0.6402
8.0178 -3.4043 1.2651 1.5082 -0.0458 0.0129 -0.7616 0.6463
8.0512 -3.4189 1.1710 1.5070 -0.0440 0.0102 -0.7567 0.6522
8.0846 -3.4322 1.0753 1.5058 -0.0422 0.0076 -0.7520 0.6577
8.1180 -3.4444 0.9781 1.5048 -0.0403 0.0050 -0.7474 0.6631
8.1514 -3.4554 0.8795 1.5038 -0.0384 0.0023 -0.7430 0.6682
8.1849 -3.4652 0.7797 1.5030 -0.0363 -0.0003 -0.7386 0.6732
8.2183 -3.4738 0.6789 1.5022 -0.0343 -0.0028 -0.7343 0.6780
8.2517 -3.4812 0.5770 1.5016 -0.0321 -0.0054 -0.7300 0.6826
8.2851 -3.4873 0.4744 1.5011 -0.0299 -0.0080 -0.7258 0.6872
8.3185 -3.4923 0.3711 1.5007 -0.0277 -0.0105 -0.7217 0.6916
8.3519 -3.4960 0.2673 1.5003 -0.0254 -0.0130 -0.7175 0.6960
8.3853 -3.4985 0.1632 1.5001 -0.0230 -0.0155 -0.7134 0.7003
8.4187 -3.4998 0.0588 1.5000 -0.0207 -0.0179 -0.7092 0.7045
8.4521 -3.4999 -0.0457 1.5000 -0.0182 -0.0204 -0.7050 0.7087
8.4855 -3.4987 -0.1501 1.5001 -0.0158 -0.0227 -0.7008 0.7128
8.5189 -3.4964 -0.2543 1.5003 -0.0133 -0.0251 -0.6965 0.7170
8.5523 -3.4928 -0.3582 1.5006 -0.0108 -0.0274 -0.6922 0.7211
8.5857 -3.4880 -0.4615 1.5010 -0.0083 -0.0296 -0.6877 0.7253
8.6192 -3.4820 -0.5643 1.5015 -0.0057 -0.0318 -0.6832 0.7295
8.6526 -3.4748 -0.6662 1.5022 -0.0032 -0.0340 -0.6786 0.7337
8.6860 -3.4664 -0.7672 1.5029 -0.0006 -0.0361 -0.6738 0.7380
8.7194 -3.4567 -0.8671 1.5037 0.0020 -0.0381 -0.6689 0.7424
8.7528 -3.4459 -0.9658 1.5046 0.0046 -0.0401 -0.6637 0.7469
8.7862 -3.4338 -1.0632 1.5057 0.0073 -0.0420 -0.6584 0.7514
8.8196 -3.4206 -1.1591 1.5068 0.0099 -0.0438 -0.6529 0.7561
8.8530 -3.4062 -1.2534 1.5080 0.0125 -0.0455 -0.6471 0.7610
8.8864 -3.3906 -1.3459 1.5094 0.0152 -0.0472 -0.6410 0.7660
8.9198 -3.3738 -1.4366 1.5108 0.0178 -0.0488 -0.6345 0.7712
8.9532 -3.3558 -1.5253 1.5124 0.0205 -0.0502 -0.6277 0.7765
8.9866 -3.3367 -1.6118 1.5140 0.0231 -0.0516 -0.6205 0.7821
9.0200 -3.3164 -1.6961 1.5157 0.0258 -0.0529 -0.6129 0.7880
9.0535 -3.2949 -1.7780 1.5176 0.0285 -0.0540 -0.6047 0.7941
9.0869 -3.2723 -1.8575 1.5195 0.0311 -0.0550 -0.5959 0.8006
9.1203 -3.2486 -1.9344 1.5215 0.0338 -0.0559 -0.5865 0.8073
9.1537 -3.2237 -2.0085 1.5237 0.0365 -0.0567 -0.5763 0.8145
9.1871 -3.1977 -2.0799 1.5259 0.0392 -0.0573 -0.5653 0.8220
9.2205 -3.1706 -2.1484 1.5282 0.0419 -0.0577 -0.5533 0.8299
9.2539 -3.1424 -2.2139 1.5306 0.0446 -0.0580 -0.5403 0.8383
9.2873 -3.1131 -2.2763 1.5332 0.0474 -0.0581 -0.5260 0.8472
9.3207 -3.0827 -2.3356 1.5358 0.0501 -0.0579 -0.5104 0.8565
9.3541 -3.0513 -2.3916 1.5385 0.0529 -0.0576 -0.4933 0.8664
9.3875 -3.0188 -2.4442 1.5412 0.0557 -0.0570 -0.4744 0.8767
9.4209 -2.9852 -2.4935 1.5441 0.0585 -0.0561 -0.4536 0.8875
9.4543 -2.9506 -2.5393 1.5471 0.0613 -0.0550 -0.4307 0.8987
9.4878 -2.9150 -2.5815 1.5501 0.0641 -0.0535 -0.4054 0.9103
9.5212 -2.8783 -2.6202 1.5533 0.0670 -0.0518 -0.3777 0.9221
9.5546 -2.8406 -2.6552 1.5565 0.0697 -0.0496 -0.3472 0.9339
9.5880 -2.8020 -2.6865 1.5598 0.0725 -0.0472 -0.3141 0.9455
9.6214 -2.7624 -2.7141 1.5632 0.0751 -0.0444 -0.2782 0.9566
9.6548 -2.7218 -2.7379 1.5667 0.0776 -0.0412 -0.2398 0.9668
9.6882 -2.6803 -2.7578 1.5703 0.0799 -0.0377 -0.1992 0.9760
9.7216 -2.6378 -2.7740 1.5739 0.0820 -0.0340 -0.1568 0.9836
9.7550 -2.5944 -2.7863 1.5776 0.0839 -0.0300 -0.1134 0.9896
9.7884 -2.5502 -2.7947 1.5814 0.0854 -0.0260 -0.0696 0.9936
9.8218 -2.5050 -2.7992 1.5853 0.0866 -0.0219 -0.0262 0.9957
9.8552 -2.4589 -2.7998 1.5892 0.0875 -0.0178 0.0160 0.9959
9.8886 -2.4121 -2.7965 1.5933 0.0880 -0.0139 0.0565 0.9944
9.9220 -2.3643 -2.7893 1.5973 0.0882 -0.0102 0.0947 0.9915
9.9555 -2.3158 -2.7782 1.6015 0.0881 -0.0066 0.1305 0.9875
9.9889 -2.2664 -2.7633 1.6057 0.0878 -0.0034 0.1635 0.9826
10.0223 -2.2162 -2.7445 1.6100 0.0872 -0.0004 0.1938 0.9772
10.0557 -2.1653 -2.7219 1.6144 0.0864 0.0023 0.2215 0.9713
10.0891 -2.1136 -2.6955 1.6188 0.0854 0.0048 0.2467 0.9653
10.1225 -2.0612 -2.6654 1.6233 0.0843 0.0069 0.2695 0.9593
10.1559 -2.0081 -2.6315 1.6279 0.0830 0.0088 0.2903 0.9533
10.1893 -1.9542 -2.5940 1.6325 0.0816 0.0105 0.3090 0.9475
10.2227 -1.8997 -2.5529 1.6372 0.0800 0.0120 0.3260 0.9419
10.2561 -1.8446 -2.5082 1.6419 0.0783 0.0132 0.3414 0.9366
10.2895 -1.7887 -2.4600 1.6467 0.0766 0.0142 0.3553 0.9315
10.3229 -1.7323 -2.4084 1.6515 0.0747 0.0151 0.3680 0.9267
10.3563 -1.6753 -2.3534 1.6564 0.0728 0.0158 0.3796 0.9222
10.3898 -1.6176 -2.2952 1.6613 0.0708 0.0163 0.3901 0.9179
10.4232 -1.5594 -2.2338 1.6663 0.0687 0.0167 0.3996 0.9139
10.4566 -1.5007 -2.1692 1.6714 0.0665 0.0170 0.4084 0.9102
10.4900 -1.4415 -2.1016 1.6764 0.0642 0.0171 0.4164 0.9068
10.5234 -1.3817 -2.0312 1.6816 0.0619 0.0171 0.4236 0.9035
10.5568 -1.3215 -1.9578 1.6867 0.0595 0.0170 0.4303 0.9006
10.5902 -1.2608 -1.8818 1.6919 0.0571 0.0168 0.4364 0.8978
10.6236 -1.1996 -1.8031 1.6972 0.0545 0.0165 0.4420 0.8952
10.6570 -1.1381 -1.7220 1.7025 0.0520 0.0161 0.4471 0.8928
10.6904 -1.0761 -1.6384 1.7078 0.0494 0.0156 0.4518 0.8906
10.7238 -1.0138 -1.5525 1.7131 0.0467 0.0151 0.4560 0.8886
10.7572 -0.9511 -1.4645 1.7185 0.0440 0.0144 0.4599 0.8868
10.7906 -0.8881 -1.3745 1.7239 0.0412 0.0137 0.4635 0.8851
10.8241 -0.8248 -1.2825 1.7293 0.0384 0.0130 0.4667 0.8835
10.8575 -0.7612 -1.1888 1.7348 0.0355 0.0122 0.4696 0.8821
10.8909 -0.6973 -1.0933 1.7402 0.0326 0.0113 0.4722 0.8808
10.9243 -0.6332 -0.9964 1.7457 0.0297 0.0104 0.4745 0.8797
10.9577 -0.5689 -0.8981 1.7512 0.0267 0.0095 0.4766 0.8787
10.9911 -0.5043 -0.7985 1.7568 0.0238 0.0085 0.4784 0.8778
11.0245 -0.4396 -0.6978 1.7623 0.0207 0.0074 0.4799 0.8770
11.0579 -0.3748 -0.5962 1.7679 0.0177 0.0064 0.4813 0.8764
11.0913 -0.3098 -0.4937 1.7734 0.0147 0.0053 0.4824 0.8758
11.1247 -0.2447 -0.3905 1.7790 0.0116 0.0042 0.4833 0.8754
11.1581 -0.1795 -0.2868 1.7846 0.0085 0.0031 0.4840 0.8750
11.1915 -0.1143 -0.1827 1.7902 0.0054 0.0020 0.4845 0.8748
11.2249 -0.0490 -0.0784 1.7958 0.0023 0.0009 0.4847 0.8747
11.2584 0.0163 0.0261 1.8014 -0.0008 -0.0003 0.4848 0.8746
11.2918 0.0816 0.1306 1.8070 -0.0039 -0.0014 0.4846 0.8747
11.3252 0.1469 0.2348 1.8126 -0.0070 -0.0025 0.4842 0.8749
11.3586 0.2121 0.3387 1.8182 -0.0100 -0.0037 0.4837 0.8752
11.3920 0.2773 0.4422 1.8238 -0.0131 -0.0048 0.4829 0.8756
11.4254 0.3423 0.5451 1.8293 -0.0162 -0.0059 0.4819 0.8761
11.4588 0.4072 0.6471 1.8349 -0.0192 -0.0069 0.4806 0.8767
11.4922 0.4720 0.7483 1.8405 -0.0222 -0.0080 0.4792 0.8774
11.5256 0.5366 0.8485 1.8460 -0.0252 -0.0090 0.4775 0.8782
11.5590 0.6011 0.9474 1.8515 -0.0282 -0.0099 0.4756 0.8792
11.5924 0.6653 1.0451 1.8570 -0.0312 -0.0109 0.4734 0.8803
11.6258 0.7293 1.1412 1.8625 -0.0341 -0.0118 0.4709 0.8815
11.6592 0.7930 1.2358 1.8680 -0.0369 -0.0126 0.4681 0.8828
11.6927 0.8565 1.3287 1.8734 -0.0398 -0.0134 0.4651 0.8843
11.7261 0.9197 1.4197 1.8788 -0.0426 -0.0141 0.4617 0.8859
11.7595 0.9825 1.5088 1.8842 -0.0453 -0.0148 0.4580 0.8877
11.7929 1.0450 1.5957 1.8896 -0.0480 -0.0153 0.4540 0.8896
11.8263 1.1071 1.6805 1.8949 -0.0507 -0.0159 0.4495 0.8917
11.8597 1.1689 1.7629 1.9002 -0.0533 -0.0163 0.4446 0.8940
11.8931 1.2302 1.8428 1.9054 -0.0558 -0.0166 0.4393 0.8965
11.9265 1.2912 1.9202 1.9107 -0.0583 -0.0169 0.4334 0.8991
11.9599 1.3516 1.9948 1.9159 -0.0607 -0.0171 0.4271 0.9020
11.9933 1.4116 2.0668 1.9210 -0.0631 -0.0171 0.4201 0.9051
12.0267 1.4711 2.1358 1.9261 -0.0654 -0.0170 0.4125 0.9085
12.0601 1.5301 2.2019 1.9312 -0.0676 -0.0169 0.4041 0.9121
12.0935 1.5886 2.2649 1.9362 -0.0697 -0.0165 0.3950 0.9159
12.1269 1.6465 2.3247 1.9411 -0.0718 -0.0161 0.3849 0.9200
12.1604 1.7038 2.3813 1.9460 -0.0738 -0.0155 0.3739 0.9244
12.1938 1.7606 2.4346 1.9509 -0.0757 -0.0147 0.3618 0.9290
12.2272 1.8167 2.4845 1.9557 -0.0775 -0.0137 0.3485 0.9340
12.2606 1.8722 2.5310 1.9605 -0.0792 -0.0126 0.3339 0.9392
12.2940 1.9271 2.5739 1.9652 -0.0808 -0.0113 0.3177 0.9447
12.3274 1.9812 2.6132 1.9698 -0.0823 -0.0097 0.2999 0.9504
12.3608 2.0347 2.6489 1.9744 -0.0836 -0.0079 0.2802 0.9563
12.3942 2.0875 2.6809 1.9789 -0.0849 -0.0059 0.2584 0.9623
12.4276 2.1396 2.7092 1.9834 -0.0859 -0.0036 0.2344 0.9683
12.4610 2.1909 2.7337 1.9878 -0.0868 -0.0010 0.2080 0.9743
12.4944 2.2414 2.7544 1.9921 -0.0875 0.0018 0.1790 0.9799
12.5278 2.2912 2.7712 1.9964 -0.0880 0.0050 0.1473 0.9852
12.5612 2.3401 2.7842 2.0006 -0.0882 0.0084 0.1129 0.9896
12.5947 2.3883 2.7934 2.0047 -0.0881 0.0120 0.0759 0.9931
12.6281 2.4356 2.7986 2.0088 -0.0878 0.0159 0.0365 0.9953
12.6615 2.4821 2.8000 2.0127 -0.0871 0.0199 -0.0049 0.9960
12.6949 2.5277 2.7974 2.0167 -0.0860 0.0239 -0.0478 0.9949
12.7283 2.5724 2.7909 2.0205 -0.0847 0.0280 -0.0915 0.9918
12.7617 2.6162 2.7806 2.0242 -0.0830 0.0320 -0.1352 0.9868
12.7951 2.6592 2.7664 2.0279 -0.0810 0.0359 -0.1782 0.9800
12.8285 2.7012 2.7483 2.0315 -0.0788 0.0395 -0.2197 0.9716
12.8619 2.7422 2.7264 2.0350 -0.0764 0.0428 -0.2593 0.9618
12.8953 2.7823 2.7008 2.0385 -0.0738 0.0458 -0.2965 0.9511
12.9287 2.8214 2.6713 2.0418 -0.0711 0.0485 -0.3310 0.9397
12.9621 2.8596 2.6381 2.0451 -0.0684 0.0507 -0.3628 0.9280
12.9955 2.8968 2.6013 2.0483 -0.0656 0.0527 -0.3919 0.9162
13.0290 2.9329 2.5608 2.0514 -0.0627 0.0543 -0.4184 0.9045
13.0624 2.9680 2.5168 2.0544 -0.0599 0.0556 -0.4424 0.8931
13.0958 3.0021 2.4693 2.0573 -0.0571 0.0566 -0.4643 0.8820
13.1292 3.0352 2.4183 2.0602 -0.0543 0.0573 -0.4841 0.8715
13.1626 3.0672 2.3640 2.0629 -0.0515 0.0578 -0.5020 0.8614
13.1960 3.0981 2.3064 2.0655 -0.0488 0.0580 -0.5184 0.8518
13.2294 3.1279 2.2455 2.0681 -0.0460 0.0581 -0.5333 0.8427
13.2628 3.1567 2.1815 2.0706 -0.0433 0.0579 -0.5469 0.8341
13.2962 3.1843 2.1145 2.0729 -0.0406 0.0575 -0.5594 0.8259
13.3296 3.2109 2.0446 2.0752 -0.0379 0.0570 -0.5709 0.8182
13.3630 3.2363 1.9718 2.0774 -0.0352 0.0563 -0.5815 0.8108
13.3964 3.2606 1.8963 2.0795 -0.0325 0.0555 -0.5913 0.8039
13.4298 3.2838 1.8181 2.0815 -0.0298 0.0545 -0.6004 0.7973
13.4633 3.3058 1.7374 2.0834 -0.0271 0.0535 -0.6088 0.7910
13.4967 3.3267 1.6542 2.0851 -0.0245 0.0523 -0.6168 0.7850
13.5301 3.3464 1.5688 2.0868 -0.0218 0.0509 -0.6242 0.7793
13.5635 3.3649 1.4812 2.0884 -0.0192 0.0495 -0.6312 0.7738
13.5969 3.3823 1.3915 2.0899 -0.0165 0.0480 -0.6378 0.7685
13.6303 3.3985 1.2999 2.0913 -0.0139 0.0464 -0.6440 0.7635
13.6637 3.4135 1.2065 2.0926 -0.0112 0.0447 -0.6500 0.7585
13.6971 3.4274 1.1114 2.0938 -0.0086 0.0429 -0.6557 0.7538
13.7305 3.4400 1.0147 2.0949 -0.0059 0.0410 -0.6611 0.7491
13.7639 3.4514 0.9166 2.0958 -0.0033 0.0391 -0.6663 0.7446
13.7973 3.4617 0.8173 2.0967 -0.0007 0.0371 -0.6713 0.7402
13.8307 3.4707 0.7168 2.0975 0.0019 0.0350 -0.6762 0.7359
13.8641 3.4785 0.6153 2.0982 0.0044 0.0329 -0.6809 0.7316
13.8976 3.4852 0.5130 2.0987 0.0070 0.0307 -0.6855 0.7274
13.9310 3.4906 0.4099 2.0992 0.0095 0.0285 -0.6900 0.7232
13.9644 3.4947 0.3063 2.0995 0.0121 0.0262 -0.6944 0.7191
13.9978 3.4977 0.2023 2.0998 0.0146 0.0239 -0.6987 0.7149
14.0312 3.4995 0.0979 2.1000 0.0170 0.0215 -0.7029 0.7108
14.0646 3.5000 -0.0065 2.1000 0.0194 0.0191 -0.7071 0.7066
14.0980 3.4993 -0.1110 2.0999 0.0218 0.0167 -0.7113 0.7024
14.1314 3.4974 -0.2153 2.0998 0.0242 0.0142 -0.7154 0.6981
14.1648 3.4943 -0.3193 2.0995 0.0265 0.0118 -0.7196 0.6938
14.1982 3.4900 -0.4229 2.0991 0.0288 0.0092 -0.7237 0.6894
14.2316 3.4844 -0.5258 2.0987 0.0310 0.0067 -0.7279 0.6849
14.2650 3.4776 -0.6281 2.0981 0.0332 0.0041 -0.7321 0.6803
14.2984 3.4697 -0.7294 2.0974 0.0353 0.0015 -0.7364 0.6756
14.3318 3.4605 -0.8298 2.0966 0.0374 -0.0010 -0.7408 0.6707
14.3653 3.4501 -0.9290 2.0957 0.0394 -0.0037 -0.7452 0.6657
14.3987 3.4385 -1.0269 2.0947 0.0413 -0.0063 -0.7497 0.6604
14.4321 3.4257 -1.1233 2.0936 0.0431 -0.0089 -0.7544 0.6550
14.4655 3.4117 -1.2182 2.0924 0.0449 -0.0115 -0.7591 0.6493
14.4989 3.3966 -1.3114 2.0911 0.0466 -0.0142 -0.7641 0.6433
14.5323 3.3802 -1.4028 2.0897 0.0482 -0.0168 -0.7692 0.6370
14.5657 3.3627 -1.4923 2.0882 0.0497 -0.0195 -0.7745 0.6303
14.5991 3.3440 -1.5796 2.0866 0.0511 -0.0221 -0.7800 0.6233
14.6325 3.3241 -1.6648 2.0849 0.0524 -0.0248 -0.7858 0.6158
14.6659 3.3031 -1.7476 2.0831 0.0536 -0.0275 -0.7918 0.6078
14.6993 3.2809 -1.8280 2.0812 0.0547 -0.0301 -0.7981 0.5993
14.7327 3.2576 -1.9059 2.0792 0.0556 -0.0328 -0.8048 0.5901
14.7661 3.2332 -1.9811 2.0771 0.0564 -0.0355 -0.8117 0.5802
14.7996 3.2076 -2.0535 2.0749 0.0571 -0.0382 -0.8191 0.5695
14.8330 3.1809 -2.1231 2.0727 0.0576 -0.0409 -0.8269 0.5579
14.8664 3.1531 -2.1897 2.0703 0.0579 -0.0436 -0.8351 0.5453
14.8998 3.1242 -2.2533 2.0678 0.0581 -0.0464 -0.8438 0.5315
14.9332 3.0943 -2.3137 2.0652 0.0580 -0.0491 -0.8529 0.5164
14.9666 3.0632 -2.3710 2.0626 0.0577 -0.0519 -0.8626 0.4999
15.0000 3.0311 -2.4249 2.0598 0.0572 -0.0547 -0.8728 0.4817
